cluster
10
11
8
13
4
10
1
13
2
5
3
6
5
4
3
4
7
7
2
7
1
2
5
8
12
5
5
8
12
3
4
13
3
12
11
1
10
6
7
1
1
9
3
4
8
5
4
10
12
13
1
4
13
8
7
9
8
10
8
1
6
8
6
8
8
11
4
3
2
11
4
8
8
6
2
2
12
8
3
4
5
12
10
4
13
8
6
11
1
12
10
2
8
8
12
4
2
13
13
8
5
11
12
12
13
8
3
13
12
2
8
6
6
6
8
9
2
12
1
8
8
6
10
6
5
13
10
10
1
8
6
4
11
13
4
8
4
4
3
13
8
12
8
1
11
10
8
12
8
11
11
9
7
4
4
8
3
4
9
3
4
12
12
3
1
10
5
10
4
2
10
8
5
2
2
4
13
10
3
10
7
11
5
4
3
3
10
6
1
2
7
3
2
2
5
1
9
9
9
12
11
10
8
3
4
10
12
9
2
12
4
4
2
2
3
10
10
4
6
3
2
12
12
12
