cluster
8
4
1
17
18
4
3
13
14
9
11
6
9
18
2
10
16
16
14
16
3
14
9
1
12
9
9
7
12
11
2
17
11
12
4
3
8
6
16
3
3
15
11
2
1
9
18
8
13
1
3
2
17
7
16
15
7
17
1
3
6
7
6
7
7
10
10
11
14
10
2
7
7
7
14
14
12
7
11
18
9
12
4
10
13
1
6
5
3
12
8
14
1
7
12
18
2
13
17
7
9
10
12
18
13
1
11
13
18
14
7
7
6
7
7
15
14
18
3
7
7
6
17
7
19
17
8
4
3
1
6
18
10
17
2
13
18
2
11
17
1
12
7
3
5
4
1
13
1
5
5
15
16
2
18
1
11
2
15
11
18
12
12
11
3
8
19
19
18
14
8
1
9
14
14
10
18
8
11
4
16
10
9
2
11
11
8
6
3
14
16
11
14
14
9
3
15
15
15
12
4
4
7
11
2
17
13
15
14
7
18
18
14
14
11
8
4
18
6
11
14
12
12
12
