cluster
17
17
17
17
17
17
17
17
17
17
17
17
17
3
3
3
3
3
3
3
3
3
3
3
3
3
4
4
4
4
4
4
4
4
4
4
4
4
4
4
4
4
4
1
1
1
1
1
1
1
1
1
1
1
1
1
1
1
6
6
6
6
6
6
6
6
6
6
6
6
6
6
6
6
6
6
6
6
15
15
15
15
15
15
15
15
15
15
15
15
15
15
15
15
15
15
15
15
8
8
8
8
8
8
8
8
8
7
7
7
7
7
7
7
7
7
7
7
7
7
7
7
7
7
7
7
16
16
16
16
16
16
16
16
16
16
16
16
16
16
16
16
16
16
9
9
9
9
9
9
9
9
9
9
9
9
13
13
13
13
13
13
13
13
13
13
13
13
13
13
10
10
10
10
10
10
10
10
10
10
10
10
10
10
10
10
10
18
18
18
18
18
18
18
18
18
11
11
11
11
11
11
11
11
11
11
11
11
11
11
11
11
11
11
11
11
2
2
2
2
2
2
2
2
2
2
2
2
2
2
2
2
2
2
14
14
14
14
14
14
14
14
14
14
14
14
14
5
5
5
5
5
5
5
5
5
12
12
12
