cluster
1
18
18
18
18
18
18
18
18
10
10
10
17
17
17
17
17
17
12
12
12
12
12
12
12
12
12
9
9
9
9
9
9
9
9
9
9
5
5
5
5
5
5
5
5
5
7
7
7
7
7
7
7
7
15
15
15
15
15
15
15
15
15
15
15
15
15
15
15
15
15
15
15
15
13
13
13
13
13
13
13
13
13
13
13
13
13
13
13
13
13
13
13
13
13
13
11
11
11
11
11
11
11
11
11
11
11
11
11
11
11
11
11
11
11
11
11
11
4
4
4
4
4
4
4
4
4
4
4
4
4
4
4
4
4
4
4
4
4
16
16
16
16
16
16
16
16
16
16
16
16
16
16
16
16
16
16
16
16
16
2
2
2
2
2
2
2
2
2
2
2
2
2
2
2
2
2
2
2
2
2
2
2
2
2
3
3
3
3
3
3
3
3
3
3
3
8
8
8
8
8
8
8
8
8
8
8
8
8
8
8
8
8
6
6
6
6
6
6
6
6
6
6
6
6
6
6
14
14
14
14
14
14
14
14
14
14
14
14
14
14
14
14
19
19
19
19
19
20
20
