cluster
17
18
18
18
15
15
15
15
15
15
15
4
4
4
4
4
4
4
3
3
3
3
3
3
3
3
3
8
8
8
8
8
8
8
8
8
8
8
8
8
13
13
13
13
13
13
13
13
13
13
13
13
13
13
6
6
6
6
6
6
6
6
6
6
6
6
6
6
6
6
6
6
6
6
19
19
19
19
19
19
19
19
19
19
19
19
19
19
19
19
19
19
19
19
19
19
7
7
7
7
7
7
7
7
7
7
7
7
7
7
7
7
7
7
7
7
7
7
5
5
5
5
5
5
5
5
5
5
5
5
5
5
5
5
5
5
5
9
9
9
9
9
9
9
9
9
9
9
9
9
9
9
9
9
9
9
9
9
9
9
14
14
14
14
14
14
14
14
14
14
14
14
14
14
14
14
14
14
14
14
14
14
14
14
14
1
1
1
1
1
1
1
1
1
1
1
16
16
16
16
16
16
16
16
16
16
16
16
16
16
16
16
16
11
11
11
11
11
11
11
11
11
11
11
11
11
11
2
2
2
2
2
2
2
2
2
2
2
2
2
2
2
2
10
10
10
10
10
12
12
