cluster
7
12
2
1
5
12
6
1
15
16
8
3
16
5
9
9
11
11
15
11
6
15
16
2
14
16
16
2
14
8
9
12
8
14
12
6
7
3
11
6
6
13
8
9
2
16
5
7
14
1
6
9
1
2
11
13
2
7
2
6
3
2
3
2
2
10
5
8
15
10
9
2
2
3
15
15
14
2
8
5
16
14
12
9
1
16
3
10
6
14
7
15
2
2
14
5
15
1
1
2
16
10
14
5
5
2
8
1
5
15
2
2
3
3
2
13
15
5
6
2
2
3
7
3
4
1
7
12
6
16
3
5
10
1
9
2
9
9
8
1
16
14
2
6
10
12
2
14
2
10
10
13
11
9
5
16
8
9
13
8
5
14
14
8
6
7
4
4
5
15
7
16
16
15
15
9
5
7
8
12
11
10
16
9
8
8
7
3
6
15
11
8
15
15
16
6
13
13
13
14
12
12
2
8
9
7
14
13
15
14
9
5
15
15
8
7
12
5
3
8
15
14
14
14
