cluster
7
16
4
19
12
16
20
17
18
2
15
11
2
12
14
12
6
6
1
6
20
1
2
4
5
2
2
10
5
15
14
19
15
5
16
20
7
11
6
20
20
9
15
14
4
2
8
7
17
4
20
14
19
10
6
9
10
19
4
20
11
10
11
10
10
3
12
15
18
3
14
10
10
10
1
18
5
10
15
8
2
5
16
12
17
4
11
3
20
5
7
1
4
10
5
8
18
17
19
10
2
12
5
8
17
4
15
17
8
18
10
10
11
10
10
9
1
8
20
10
10
11
19
10
13
19
7
16
20
4
11
8
12
19
14
17
14
14
15
19
4
5
10
20
3
16
4
17
4
3
3
9
6
14
8
4
15
14
9
15
12
5
5
15
20
7
13
13
8
1
7
4
2
18
18
12
17
7
15
16
6
12
2
14
15
15
7
11
20
18
6
15
18
1
2
20
9
1
9
5
16
16
10
15
14
19
17
9
18
10
14
8
18
18
15
7
16
12
11
15
18
5
5
5
