centroid,counts,dispersion
0.512296,0.216084,1215,5.384887
0.682086,0.289970,2610,4.720211
0.797629,0.400907,535,4.628814
0.629800,0.017576,841,1.299596
0.373782,0.412327,572,3.335205
0.822879,0.180578,1119,5.087010
0.490862,0.079139,4069,3.051236
0.290698,0.756469,621,6.535875
0.231042,0.505847,406,4.727357
0.188518,0.107172,806,3.648618
0.835187,0.842722,133,1.672887
0.379620,0.057138,619,1.700579
0.667920,0.665503,737,1.606958
0.569123,0.431523,1197,3.613099
0.492171,0.685615,1052,5.965484
0.647970,0.125538,2065,3.894238
