cluster
12
9
1
7
5
12
2
7
8
6
3
10
6
5
3
5
4
4
8
4
2
8
6
1
11
6
6
1
11
3
5
7
3
11
9
2
12
10
4
2
2
4
3
5
1
6
5
12
11
7
2
5
7
1
4
4
1
12
1
2
10
1
10
1
1
9
5
3
8
9
5
1
1
10
8
8
11
1
3
5
6
11
12
5
7
1
10
9
2
11
12
8
1
1
11
5
8
7
7
1
6
9
11
11
7
1
3
7
11
8
1
10
10
10
1
4
8
11
2
1
1
10
12
10
6
7
12
12
2
1
10
5
9
7
5
1
5
5
3
7
1
11
1
2
9
12
1
11
1
9
9
4
4
5
5
1
3
5
4
3
5
11
11
3
2
12
6
12
5
8
12
1
6
8
8
5
7
12
3
12
4
9
6
5
3
3
12
10
2
8
4
3
8
8
6
2
4
4
4
11
9
12
1
3
5
12
11
4
8
11
5
5
8
8
3
12
12
5
10
3
8
11
11
11
