cluster
14
4
2
16
12
4
8
17
11
10
1
15
10
12
13
13
3
3
11
3
8
11
10
2
7
10
10
2
7
1
13
16
1
7
4
8
14
15
3
8
8
6
1
13
2
10
12
14
17
17
8
13
16
2
3
6
2
16
2
8
15
2
15
2
2
9
12
1
11
9
13
2
2
15
11
11
7
2
1
12
10
7
4
13
17
2
15
9
8
7
14
11
2
2
7
12
11
17
16
2
10
9
7
12
12
2
1
17
12
11
2
2
15
2
2
6
11
12
8
2
2
15
16
7
5
16
14
4
8
10
15
12
9
16
13
17
13
13
1
16
10
7
2
8
9
4
2
17
2
9
9
6
3
13
12
2
1
13
6
1
12
7
7
1
8
14
5
5
12
11
14
10
10
11
11
13
12
14
1
4
3
9
10
13
1
1
14
15
8
11
3
1
11
11
10
8
6
6
6
7
4
4
2
1
13
16
17
6
11
7
13
12
11
11
1
14
4
12
15
1
11
7
7
7
