cluster
6
11
15
7
13
11
3
12
2
1
5
17
1
13
9
8
18
18
2
18
3
2
1
15
4
1
1
15
4
5
9
7
5
4
11
3
6
17
18
3
3
10
5
9
15
1
13
6
12
12
3
9
7
15
18
10
15
7
15
3
17
15
17
15
15
8
8
5
2
8
9
15
15
17
2
2
4
15
5
13
1
4
11
8
12
15
17
16
3
4
6
2
15
15
4
13
9
12
7
15
1
8
4
13
13
15
5
12
13
2
15
15
17
15
15
10
2
13
3
15
15
17
7
4
14
7
6
11
3
1
17
13
8
7
9
12
9
9
5
7
1
4
15
3
16
11
15
12
15
16
16
10
18
9
13
15
5
9
10
5
13
4
4
5
3
6
14
14
13
2
6
1
1
2
2
8
13
6
5
11
18
8
1
9
5
5
6
17
3
2
18
5
2
2
1
3
10
10
10
4
11
11
15
9
9
7
12
10
2
4
9
13
2
2
5
6
11
13
17
5
2
4
4
4
