cluster
10
10
5
6
8
10
13
6
2
3
12
14
3
8
12
8
11
11
2
11
13
2
3
5
7
3
3
5
7
12
8
10
12
7
10
13
4
14
11
13
13
1
12
8
5
3
8
10
7
6
13
8
6
5
11
1
5
10
5
13
14
5
14
5
5
9
8
12
2
9
8
5
5
14
2
2
7
5
12
8
3
7
10
8
6
5
14
9
13
7
4
2
5
5
7
8
2
6
6
5
3
9
7
7
6
5
12
6
7
2
5
14
14
14
5
1
2
7
13
5
5
14
4
14
3
6
4
10
13
5
14
8
9
6
8
5
8
8
12
6
5
7
5
13
9
10
5
7
5
9
9
1
11
8
8
5
12
8
1
12
8
7
7
12
13
10
3
4
8
2
4
5
3
2
2
8
6
10
12
10
11
9
3
8
12
12
4
14
13
2
11
12
2
2
3
13
1
1
1
7
10
10
5
12
8
4
7
1
2
7
8
8
2
2
12
4
10
8
14
12
2
7
7
7
